

NUMERIC_THREATS_MODE: 0

; Command line: ./lpg -o k-domain.pddl_converted.pddl_added_goal_actions.pddl -f zeno/p12/plan_k-problem.pddl_5.SOL_PR/100/0/template.pddl_converted.pddl_added_goal_actions.pddl -d_coefficient 0.2 -k_coefficient 10 -cputime 300 -out set_of_plans_lpg -v off   


Parsing domain file:  domain 'ZENO-TRAVEL' defined ... done.
Parsing problem file:  problem 'ZTRAVEL-3-8' defined ... done.



Modality: Incremental Planner




 Use 0 plan for init with num_different_plans= 0

 Num solutions= 0 -- Maxdiff 0.000, mindiff  1000.000 -- Tot num flips 53 

 Increase NOISE: 30 - step 53  

 Recompute start times

    Solution 1 found 

 Recompute start times

Solution number: 1
Total time:      0.62
Search time:     0.26
Actions:         38
Duration:        21848.000
Plan quality:    21848.000 
Total Num Flips: 53
     Plan file:       set_of_plans_lpg_1_1.SOL

 Use 0 plan for init with num_different_plans= 1

 We use plan 0 for initialization 
 Found duplicate plan, skip it 
 Num solutions= 1 -- Maxdiff 0.667, mindiff  0.667 -- Tot num flips 117 
 Recompute start times

    Solution 2 found 

 Recompute start times

Solution number: 2
Total time:      1.05
Search time:     0.69
Actions:         46
Duration:        7565.000
Plan quality:    7565.000 
Total Num Flips: 117
     Plan file:       set_of_plans_lpg_2_1.SOL

 Use 0 plan for init with num_different_plans= 2

 We use plan 0 for initialization 
 Found duplicate plan, skip it 
 Num solutions= 2 -- Maxdiff 0.762, mindiff  0.493 -- Tot num flips 237 
 Recompute start times

    Solution 3 found 

 Recompute start times

Solution number: 3
Total time:      2.55
Search time:     2.19
Actions:         61
Duration:        18180.000
Plan quality:    18180.000 
Total Num Flips: 237
     Plan file:       set_of_plans_lpg_3_1.SOL

 Use 0 plan for init with num_different_plans= 3

 We use plan 0 for initialization 
 Found duplicate plan, skip it 
 Num solutions= 3 -- Maxdiff 0.682, mindiff  0.575 -- Tot num flips 443 
 Recompute start times

    Solution 4 found 

 Recompute start times

Solution number: 4
Total time:      4.65
Search time:     4.29
Actions:         78
Duration:        23922.000
Plan quality:    23922.000 
Total Num Flips: 443
     Plan file:       set_of_plans_lpg_4_1.SOL

 Use 0 plan for init with num_different_plans= 4

 We use plan 0 for initialization 
 Num solutions= 4 -- Maxdiff 0.774, mindiff  0.095 -- Tot num flips 449 
 Recompute start times

    Solution 5 found 

 Recompute start times

Solution number: 5
Total time:      4.71
Search time:     4.35
Actions:         42
Duration:        22250.000
Plan quality:    22250.000 
Total Num Flips: 449
     Plan file:       set_of_plans_lpg_5_1.SOL

 Use 1 plan for init with num_different_plans= 5

 We use plan 0 for initialization 
 Found duplicate plan, skip it 
 Num solutions= 5 -- Maxdiff 0.806, mindiff  0.758 -- Tot num flips 791 
 Recompute start times

    Solution 6 found 

 Recompute start times

Solution number: 6
Total time:      8.57
Search time:     8.21
Actions:         134
Duration:        40605.000
Plan quality:    40605.000 
Total Num Flips: 791
     Plan file:       set_of_plans_lpg_6_1.SOL

 Use 1 plan for init with num_different_plans= 6

 We use plan 0 for initialization 
 Found duplicate plan, skip it 
 Num solutions= 6 -- Maxdiff 0.868, mindiff  0.574 -- Tot num flips 919 
 Recompute start times

    Solution 7 found 

 Recompute start times

Solution number: 7
Total time:      9.13
Search time:     8.77
Actions:         29
Duration:        29000.000
Plan quality:    29000.000 
Total Num Flips: 919
     Plan file:       set_of_plans_lpg_7_1.SOL

 Use 1 plan for init with num_different_plans= 7

 We use plan 0 for initialization 
 Found duplicate plan, skip it 
 Num solutions= 7 -- Maxdiff 0.843, mindiff  0.483 -- Tot num flips 1224 
 Recompute start times

    Solution 8 found 

 Recompute start times

Solution number: 8
Total time:      12.41
Search time:     12.05
Actions:         133
Duration:        39831.000
Plan quality:    39831.000 
Total Num Flips: 1224
     Plan file:       set_of_plans_lpg_8_1.SOL

 Use 1 plan for init with num_different_plans= 8

 We use plan 2 for initialization 
 Found duplicate plan, skip it 
 Num solutions= 8 -- Maxdiff 0.854, mindiff  0.724 -- Tot num flips 1566 
 Recompute start times

    Solution 9 found 

 Recompute start times

Solution number: 9
Total time:      15.16
Search time:     14.80
Actions:         112
Duration:        42707.000
Plan quality:    42707.000 
Total Num Flips: 1566
     Plan file:       set_of_plans_lpg_9_1.SOL

 Use 1 plan for init with num_different_plans= 9

 We use plan 4 for initialization 
 Found duplicate plan, skip it 
 Num solutions= 9 -- Maxdiff 0.832, mindiff  0.531 -- Tot num flips 1618 
 Recompute start times

    Solution 10 found 

 Recompute start times

Solution number: 10
Total time:      15.52
Search time:     15.16
Actions:         34
Duration:        3144.000
Plan quality:    3144.000 
Total Num Flips: 1618
     Plan file:       set_of_plans_lpg_10_1.SOL

 Use 1 plan for init with num_different_plans= 10

 We use plan 0 for initialization 
 Found duplicate plan, skip it 
 Num solutions= 10 -- Maxdiff 0.791, mindiff  0.654 -- Tot num flips 1862 
 Recompute start times

    Solution 11 found 

 Max num multiple solutions=5 
 Recompute start times

Solution number: 11
Total time:      17.84
Search time:     17.48
Actions:         63
Duration:        20486.000
Plan quality:    20486.000 
Total Num Flips: 1862
     Plan file:       set_of_plans_lpg_11_1.SOL

 Use 1 plan for init with num_different_plans= 11

 We use plan 7 for initialization 
 Num solutions= 11 -- Maxdiff 0.840, mindiff  0.036 -- Tot num flips 1871 
 Recompute start times

    Solution 12 found 

 Max num multiple solutions=1 
 Recompute start times

Solution number: 12
Total time:      18.00
Search time:     17.64
Actions:         138
Duration:        40617.000
Plan quality:    40617.000 
Total Num Flips: 1871
     Plan file:       set_of_plans_lpg_12_1.SOL

 Use 1 plan for init with num_different_plans= 12

 We use plan 9 for initialization 
 Num solutions= 12 -- Maxdiff 0.840, mindiff  0.056 -- Tot num flips 1874 
 Recompute start times

    Solution 13 found 

 Max num multiple solutions=5 
 Recompute start times

Solution number: 13
Total time:      18.07
Search time:     17.71
Actions:         36
Duration:        3549.000
Plan quality:    3549.000 
Total Num Flips: 1874
     Plan file:       set_of_plans_lpg_13_1.SOL

 Use 1 plan for init with num_different_plans= 13

 We use plan 0 for initialization 
 Found duplicate plan, skip it 
 Num solutions= 13 -- Maxdiff 0.756, mindiff  0.647 -- Tot num flips 1979 
 Recompute start times

    Solution 14 found 

 Max num multiple solutions=6 
 Recompute start times

Solution number: 14
Total time:      18.95
Search time:     18.59
Actions:         70
Duration:        14814.000
Plan quality:    14814.000 
Total Num Flips: 1979
     Plan file:       set_of_plans_lpg_14_1.SOL

 Use 1 plan for init with num_different_plans= 14

 We use plan 10 for initialization 
 Num solutions= 14 -- Maxdiff 0.783, mindiff  0.047 -- Tot num flips 1983 
 Recompute start times

    Solution 15 found 

 Max num multiple solutions=6 
 Recompute start times

Solution number: 15
Total time:      19.08
Search time:     18.72
Actions:         62
Duration:        20566.000
Plan quality:    20566.000 
Total Num Flips: 1983
     Plan file:       set_of_plans_lpg_15_1.SOL

 Use 1 plan for init with num_different_plans= 15

 We use plan 3 for initialization 
 Found duplicate plan, skip it 
 Num solutions= 15 -- Maxdiff 0.929, mindiff  0.755 -- Tot num flips 2266 
 Recompute start times

    Solution 16 found 

 Max num multiple solutions=10 
 Delta values
1	0.0000	0.6667	0.7625	0.6818	0.8056	0.5745	0.8095	0.6711	0.7442	0.7719	
2	0.6667	0.0000	0.4930	0.5747	0.7838	0.7069	0.8382	0.7024	0.6667	0.8529	
3	0.7625	0.4930	0.0000	0.6373	0.7580	0.7671	0.8151	0.7347	0.6900	0.8375	
4	0.6818	0.5747	0.6373	0.0000	0.7746	0.7558	0.7417	0.7182	0.7241	0.8172	
5	0.8056	0.7838	0.7580	0.7746	0.0000	0.8681	0.7385	0.7914	0.7089	0.9290	
6	0.5745	0.7069	0.7671	0.7558	0.8681	0.0000	0.8537	0.7568	0.7468	0.7551	
7	0.8095	0.8382	0.8151	0.7417	0.7385	0.8537	0.0000	0.7762	0.7273	0.8661	
8	0.6711	0.7024	0.7347	0.7182	0.7914	0.7568	0.7762	0.0000	0.7453	0.8415	
9	0.7442	0.6667	0.6900	0.7241	0.7089	0.7468	0.7273	0.7453	0.0000	0.8913	
10	0.7719	0.8529	0.8375	0.8172	0.9290	0.7551	0.8661	0.8415	0.8913	0.0000	
 Recompute start times

; Total Time: 20.78

